Numéro_d'itération Largeur Hauteur Type_de_Grille(S:Standard;T:Torique)

0 10 10 S

101  101   1    0   1   0   1   0   1   0
111   0    0    0   1   0   0   1   0   0
 1    1    0    1   0   1  111  1   0   0
 0    0    0    0   1   0   0   1  111  0
101  111   1    0   1   0   1   0  101  1
101   0    1    0   1   0   1   0   1   0
111   0    0    0   1   0   0   1   0   0
 1    1    0    1   0   1  111  1   0   0
 0    0    0    0   1   0   0   1  111  0
101  111   1    0   1   0   1   0  101  1